    NAME: drogon_fluid
    TYPE: FLUID
    FLUID_MODEL_TYPE: COMPOSITION
    EOS_MODEL: PR
    COMPOSITION:
      water: 0.0
      nitrogen: 0.510676386339746
      CO2: 2.44965511776504
      methane: 75.6328106126248
      ethane: 10.9074631209139
      propane: 8.11875087121037
      i_butane: 0.849146377471569
      n_butane: 1.34903656604691
      i_pentane: 0.104982143381498
      n_pentane: 0.071218218251483
      n_hexane: 0.0063
